fwd = [4905, 4702;
       5025, 4780;
       5184, 4980;
       5146, 5040;
       5254, 5036;
       5332, 5042;
       5319, 5107;
       5211, 5011;
       5293, 5154]
       
       
       
    
back = [4950, 4624;
        4838, 4618;
        4888, 4516;
        4876, 4741;
        4924, 4563;
        4934, 4349;
        4982, 4782;
        4953, 4341;
        4916, 4764]
        
        
